id=30069
type=0,randStartPhase=0
forceZeroStart=0
numSounds=1
soundParam=1559:0.065625#1560:0.073958#1561:0.073958#1562:0.065625#1563:0.073958 1.000000 0.000000 -1.000000 -1.000000 0
numSprites=8
numSlots=0
offset=(0.000000,0.000000)
startPause=0.000000
animParam=0.000000 0.000000 0.000000 0.000000 0.000000 0.000000 (0.000000,0.000000) 0.000000 0.000000 0.000000 0.000000 0.000000 1.000000 0.000000 0.000000 0.000000 0.000000 1.000000 0.000000
offset=(0.000000,0.000000)
startPause=0.000000
animParam=0.000000 0.000000 0.000000 0.000000 0.000000 0.000000 (0.000000,0.000000) 0.000000 0.000000 0.000000 0.000000 0.000000 1.000000 0.000000 0.000000 0.000000 0.000000 1.000000 0.000000
offset=(0.000000,0.000000)
startPause=0.000000
animParam=0.000000 0.000000 0.000000 0.000000 0.000000 0.000000 (0.000000,0.000000) 0.000000 0.000000 0.000000 0.000000 0.000000 1.000000 0.000000 0.000000 0.000000 0.000000 1.000000 0.000000
offset=(0.000000,0.000000)
startPause=0.000000
animParam=0.000000 0.000000 0.000000 0.000000 0.000000 0.000000 (0.000000,0.000000) 0.000000 0.000000 0.000000 0.000000 0.000000 1.000000 0.000000 0.000000 0.000000 0.000000 1.000000 0.000000
offset=(0.000000,10.000000)
startPause=0.000000
animParam=0.000000 0.000000 0.000000 2.000000 10.000000 0.666000 (-3.000000,1.000000) 2.000000 0.666000 0.000000 0.000000 0.000000 1.000000 0.000000 2.000000 0.000000 0.000000 0.750000 0.666000
offset=(0.000000,10.000000)
startPause=0.000000
animParam=0.000000 0.000000 0.000000 2.000000 10.000000 0.333000 (-2.000000,-1.000000) 2.000000 0.333000 0.000000 0.000000 0.000000 1.000000 0.000000 2.000000 0.000000 0.000000 0.750000 0.333000
offset=(0.000000,10.000000)
startPause=0.000000
animParam=0.000000 0.000000 0.000000 2.000000 10.000000 0.000000 (-3.000000,-1.000000) 2.000000 0.000000 0.000000 0.000000 0.000000 1.000000 0.000000 2.000000 0.000000 0.000000 0.750000 0.000000
offset=(0.000000,0.000000)
startPause=0.000000
animParam=0.000000 0.000000 0.000000 0.000000 0.000000 0.000000 (0.000000,0.000000) 0.000000 0.000000 0.000000 0.000000 0.000000 1.000000 0.000000 0.000000 0.000000 0.000000 1.000000 0.000000