id=30082
type=0,randStartPhase=0
forceZeroStart=0
numSounds=1
soundParam=1559:0.065625#1560:0.073958#1561:0.073958#1562:0.065625#1563:0.073958 1.000000 0.000000 -1.000000 -1.000000 0
numSprites=9
numSlots=0
offset=(0.000000,0.000000)
startPause=0.000000
animParam=0.000000 0.000000 0.000000 0.000000 0.000000 0.000000 (0.000000,0.000000) 0.000000 0.000000 0.000000 0.000000 0.000000 1.000000 0.000000 0.000000 0.000000 0.000000 1.000000 0.000000
offset=(0.000000,0.000000)
startPause=0.000000
animParam=0.000000 0.000000 0.000000 0.000000 0.000000 0.000000 (0.000000,0.000000) 0.000000 0.000000 0.000000 0.000000 0.000000 1.000000 0.000000 0.000000 0.000000 0.000000 1.000000 0.000000
offset=(0.000000,0.000000)
startPause=0.000000
animParam=0.000000 0.000000 0.000000 0.000000 0.000000 0.000000 (0.000000,0.000000) 0.000000 0.000000 0.000000 0.000000 0.000000 1.000000 0.000000 0.000000 0.000000 0.000000 1.000000 0.000000
offset=(0.000000,0.000000)
startPause=0.000000
animParam=0.000000 0.000000 0.000000 0.000000 0.000000 0.000000 (0.000000,0.000000) 0.000000 0.000000 0.000000 0.000000 0.000000 1.000000 0.000000 0.000000 0.000000 0.000000 1.000000 0.000000
offset=(0.000000,3.000000)
startPause=0.000000
animParam=0.000000 0.000000 0.000000 2.000000 3.000000 0.000000 (0.000000,-2.000000) 1.500000 0.000000 0.000000 0.000000 0.500000 1.000000 0.000000 0.000000 0.000000 0.000000 0.750000 0.000000
offset=(0.000000,3.000000)
startPause=0.000000
animParam=0.000000 0.000000 0.000000 2.000000 3.000000 0.250000 (0.000000,-3.000000) 1.500000 0.000000 0.000000 0.250000 0.500000 1.000000 0.000000 0.000000 0.000000 0.000000 0.750000 0.250000
offset=(0.000000,3.000000)
startPause=0.000000
animParam=0.000000 0.000000 0.000000 2.000000 3.000000 0.500000 (0.000000,-2.000000) 1.500000 0.000000 0.000000 0.500000 0.500000 1.000000 0.000000 0.000000 0.000000 0.000000 0.750000 0.500000
offset=(0.000000,3.000000)
startPause=0.000000
animParam=0.000000 0.000000 0.000000 2.000000 3.000000 0.750000 (0.000000,0.000000) 1.500000 0.000000 0.000000 0.750000 0.500000 1.000000 0.000000 0.000000 0.000000 0.000000 0.750000 0.750000
offset=(0.000000,0.000000)
startPause=0.000000
animParam=0.000000 0.000000 0.000000 0.000000 0.000000 0.000000 (0.000000,0.000000) 0.000000 0.000000 0.000000 0.000000 0.000000 1.000000 0.000000 0.000000 0.000000 0.000000 1.000000 0.000000