id=30563
type=0,randStartPhase=0
forceZeroStart=0
numSounds=0
numSprites=10
numSlots=0
offset=(0.000000,0.000000)
startPause=0.000000
animParam=0.000000 0.000000 0.000000 0.000000 0.300000 0.000000 (0.000000,0.000000) 0.000000 0.000000 0.000000 0.000000 0.000000 1.000000 0.000000 0.000000 0.000000 0.000000 1.000000 0.000000
offset=(0.000000,0.000000)
startPause=0.000000
animParam=6.000000 0.000000 0.708333 6.000000 0.300000 0.166667 (0.000000,0.000000) 0.000000 0.000000 6.000000 0.004000 0.000000 1.000000 0.000000 0.000000 0.000000 0.000000 1.000000 0.000000
offset=(0.000000,0.000000)
startPause=0.000000
animParam=6.000000 0.000000 0.302083 6.000000 0.300000 0.791667 (0.000000,0.000000) 0.000000 0.000000 6.000000 0.004000 0.000000 1.000000 0.000000 0.000000 0.000000 0.000000 1.000000 0.000000
offset=(0.000000,0.000000)
startPause=0.000000
animParam=6.000000 0.000000 0.375000 6.000000 0.300000 0.416667 (0.000000,0.000000) 0.000000 0.000000 6.000000 0.004000 0.000000 1.000000 0.000000 0.000000 0.000000 0.000000 1.000000 0.000000
offset=(0.000000,0.000000)
startPause=0.000000
animParam=0.000000 0.000000 0.000000 0.000000 0.300000 0.000000 (0.000000,0.000000) 0.000000 0.000000 0.000000 0.004000 0.000000 1.000000 0.000000 0.000000 0.000000 0.000000 1.000000 0.000000
offset=(0.000000,10.000000)
startPause=0.000000
animParam=0.000000 0.000000 0.000000 2.000000 10.000000 0.000000 (-4.000000,-6.000000) 2.000000 0.000000 0.000000 0.000000 0.500000 1.000000 0.000000 0.000000 0.000000 0.000000 0.750000 0.000000
offset=(0.000000,20.000000)
startPause=0.000000
animParam=0.666667 26.666667 0.125000 4.000000 20.000000 0.500000 (-4.000000,-6.000000) 4.000000 0.000000 0.000000 0.000000 0.500000 1.000000 0.000000 4.000000 0.000000 0.000000 0.750000 0.500000
offset=(0.000000,20.000000)
startPause=0.000000
animParam=0.750000 13.333333 0.000000 4.000000 18.666667 0.677083 (-4.000000,-6.000000) 4.000000 0.000000 0.000000 0.000000 0.395833 1.000000 0.000000 4.000000 0.000000 0.000000 0.750000 0.604167
offset=(0.000000,20.000000)
startPause=0.000000
animParam=0.000000 0.000000 0.000000 4.000000 13.333333 0.177083 (-4.000000,-6.000000) 4.000000 0.000000 0.000000 0.000000 0.302083 1.000000 0.000000 4.000000 0.000000 0.000000 0.750000 0.770833
offset=(0.000000,-20.000000)
startPause=0.000000
animParam=0.000000 0.000000 0.000000 3.583333 13.333333 0.552083 (-14.000000,4.000000) 2.625000 0.000000 0.000000 0.000000 0.500000 1.000000 0.000000 6.500000 0.000000 0.000000 0.750000 0.500000