id=30851
type=0,randStartPhase=0
forceZeroStart=0
numSounds=0
numSprites=10
numSlots=0
offset=(0.000000,0.000000)
startPause=0.000000
animParam=0.000000 0.000000 0.000000 0.000000 0.000000 0.000000 (0.000000,0.000000) 0.000000 0.000000 0.000000 0.000000 0.000000 1.000000 0.000000 0.000000 0.000000 0.000000 1.000000 0.000000
offset=(-20.000000,22.000000)
startPause=0.000000
animParam=0.500000 21.333333 0.302083 0.500000 16.000000 0.552083 (-30.000000,20.000000) 0.000000 0.000000 0.500000 0.041667 0.000000 1.000000 0.000000 0.666000 0.000000 0.000000 1.000000 0.552000
offset=(-20.000000,22.000000)
startPause=0.000000
animParam=0.500000 8.000000 0.625000 0.500000 18.700001 0.218750 (-30.000000,20.000000) 0.000000 0.000000 0.500000 0.145833 0.239583 1.000000 0.000000 0.666000 0.000000 0.000000 1.000000 0.552000
offset=(-20.000000,22.000000)
startPause=0.000000
animParam=0.500000 37.299999 0.270833 0.500000 18.700001 1.000000 (-30.000000,20.000000) 0.000000 0.000000 0.500000 0.145833 0.000000 1.000000 0.000000 0.666000 0.000000 0.000000 1.000000 0.552000
offset=(-20.000000,22.000000)
startPause=0.000000
animParam=0.500000 8.000000 0.666667 1.083333 18.700001 0.343750 (-30.000000,20.000000) 0.000000 0.000000 0.500000 0.072917 0.406250 1.000000 0.000000 0.666000 0.000000 0.000000 1.000000 0.552000
offset=(-20.000000,22.000000)
startPause=0.000000
animParam=0.250000 32.000000 0.239583 0.333333 10.666667 0.250000 (-30.000000,20.000000) 0.000000 0.000000 0.500000 0.145833 0.000000 1.000000 0.000000 0.666000 0.000000 0.000000 1.000000 0.552000
offset=(-20.000000,22.000000)
startPause=0.000000
animParam=0.500000 37.299999 0.291667 0.500000 18.700001 0.510417 (-30.000000,20.000000) 0.000000 0.000000 0.500000 0.145833 0.000000 1.000000 0.000000 0.666000 0.000000 0.000000 1.000000 0.552000
offset=(-20.000000,22.000000)
startPause=0.000000
animParam=0.500000 37.299999 0.000000 0.500000 18.700001 0.000000 (-30.000000,20.000000) 0.000000 0.000000 0.500000 0.145833 0.000000 1.000000 0.000000 0.666000 0.000000 0.000000 1.000000 0.552000
offset=(0.000000,0.000000)
startPause=0.000000
animParam=0.000000 0.000000 0.000000 0.000000 0.000000 0.000000 (0.000000,0.000000) 0.000000 0.000000 0.000000 0.000000 0.000000 1.000000 0.000000 0.000000 0.000000 0.000000 1.000000 0.000000
offset=(-20.000000,22.000000)
startPause=0.000000
animParam=0.500000 37.299999 0.000000 0.500000 18.700001 0.000000 (-30.000000,20.000000) 0.000000 0.000000 0.500000 0.145833 0.000000 1.000000 0.000000 0.666000 0.000000 0.000000 1.000000 0.552000