id=32688
type=2,randStartPhase=0
forceZeroStart=1
numSounds=0
numSprites=10
numSlots=0
offset=(0.000000,0.000000)
startPause=0.000000
animParam=0.000000 0.000000 0.000000 0.000000 0.000000 0.000000 (2.000000,-2.000000) 0.000000 0.000000 4.000000 0.010000 0.000000 1.000000 2.000000 0.000000 0.000000 0.000000 1.000000 0.000000
offset=(0.000000,0.000000)
startPause=0.900000
animParam=0.000000 0.000000 0.000000 0.000000 0.000000 0.000000 (2.000000,-2.000000) 0.000000 0.000000 4.000000 0.010000 0.000000 0.500000 2.000000 1.000000 0.000000 0.000000 1.000000 0.000000
offset=(0.000000,0.000000)
startPause=0.750000
animParam=0.000000 0.000000 0.000000 0.000000 0.000000 0.000000 (2.000000,-2.000000) 0.000000 0.000000 4.000000 0.010000 0.000000 0.500000 2.000000 1.000000 0.000000 0.000000 1.000000 0.000000
offset=(0.000000,0.000000)
startPause=0.600000
animParam=0.000000 0.000000 0.000000 0.000000 0.000000 0.000000 (2.000000,-2.000000) 0.000000 0.000000 4.000000 0.010000 0.000000 0.500000 2.000000 1.000000 0.000000 0.000000 1.000000 0.000000
offset=(0.000000,0.000000)
startPause=0.450000
animParam=0.000000 0.000000 0.000000 0.000000 0.000000 0.000000 (2.000000,-2.000000) 0.000000 0.000000 4.000000 0.010000 0.000000 0.500000 2.000000 1.000000 0.000000 0.000000 1.000000 0.000000
offset=(0.000000,0.000000)
startPause=0.300000
animParam=0.000000 0.000000 0.000000 0.000000 0.000000 0.000000 (2.000000,-2.000000) 0.000000 0.000000 4.000000 0.010000 0.000000 0.500000 2.000000 1.000000 0.000000 0.000000 1.000000 0.000000
offset=(0.000000,0.000000)
startPause=0.600000
animParam=0.000000 0.000000 0.000000 0.000000 0.000000 0.000000 (2.000000,-2.000000) 0.000000 0.000000 4.000000 0.010000 0.000000 0.500000 2.000000 1.000000 0.000000 0.000000 1.000000 0.000000
offset=(0.000000,0.000000)
startPause=0.150000
animParam=0.000000 0.000000 0.000000 0.000000 0.000000 0.000000 (2.000000,-2.000000) 0.000000 0.000000 4.000000 0.010000 0.000000 0.500000 2.000000 1.000000 0.000000 0.000000 1.000000 0.000000
offset=(0.000000,0.000000)
startPause=0.300000
animParam=0.000000 0.000000 0.000000 0.000000 0.000000 0.000000 (2.000000,-2.000000) 0.000000 0.000000 4.000000 0.010000 0.000000 0.500000 2.000000 1.000000 0.000000 0.000000 1.000000 0.000000
offset=(0.000000,0.000000)
startPause=0.000000
animParam=0.000000 0.000000 0.000000 0.000000 0.000000 0.000000 (1.000000,-2.000000) 0.000000 0.000000 0.000000 0.000000 0.000000 1.000000 0.000000 0.000000 0.000000 0.000000 0.000000 0.000000