id=32709
type=0,randStartPhase=0
forceZeroStart=0
numSounds=1
soundParam=1514:0.208333 2.000000 0.200000 -1.000000 -1.000000 0
numSprites=7
numSlots=0
offset=(0.000000,0.000000)
startPause=0.000000
animParam=0.000000 0.000000 0.000000 0.000000 0.000000 0.000000 (0.000000,0.000000) 0.000000 0.000000 0.000000 0.000000 0.000000 1.000000 0.000000 0.000000 0.000000 0.000000 1.000000 0.000000
offset=(0.000000,40.000000)
startPause=0.000000
animParam=0.000000 0.000000 0.000000 1.500000 40.000000 0.000000 (-2.000000,-1.000000) 1.500000 0.000000 0.000000 0.000000 0.000000 1.000000 0.000000 1.500000 0.000000 0.000000 0.750000 0.000000
offset=(0.000000,40.000000)
startPause=0.000000
animParam=0.000000 0.000000 0.000000 1.500000 40.000000 0.250000 (-2.000000,-1.000000) 1.500000 0.000000 0.000000 0.000000 0.000000 1.000000 0.000000 1.500000 0.000000 0.000000 0.750000 0.250000
offset=(0.000000,40.000000)
startPause=0.000000
animParam=0.000000 0.000000 0.000000 1.500000 40.000000 0.500000 (-2.000000,-1.000000) 1.500000 0.000000 0.000000 0.000000 0.000000 1.000000 0.000000 1.500000 0.000000 0.000000 0.750000 0.500000
offset=(0.000000,40.000000)
startPause=0.000000
animParam=0.000000 0.000000 0.000000 1.500000 40.000000 0.750000 (-2.000000,-1.000000) 1.500000 0.000000 0.000000 0.000000 0.000000 1.000000 0.000000 1.500000 0.000000 0.000000 0.750000 0.750000
offset=(0.000000,0.000000)
startPause=0.000000
animParam=0.000000 0.000000 0.000000 0.000000 0.000000 0.000000 (0.000000,0.000000) 0.000000 0.000000 0.000000 0.000000 0.000000 1.000000 0.000000 0.000000 0.000000 0.000000 1.000000 0.000000
offset=(0.000000,0.000000)
startPause=0.000000
animParam=0.000000 0.000000 0.000000 0.000000 0.000000 0.000000 (0.000000,0.000000) 0.000000 0.000000 0.000000 0.000000 0.000000 1.000000 0.000000 0.000000 0.000000 0.000000 1.000000 0.000000