id=33221
type=2,randStartPhase=0
forceZeroStart=0
numSounds=0
numSprites=7
numSlots=0
offset=(-30.000000,-5.000000)
startPause=0.000000
animParam=0.222000 30.000000 0.000000 0.444000 5.000000 0.000000 (0.000000,0.000000) 0.222000 0.000000 0.000000 0.000000 0.000000 1.000000 0.000000 0.222000 0.000000 0.000000 1.000000 0.666000
offset=(-30.000000,-5.000000)
startPause=0.000000
animParam=0.222000 30.000000 0.666000 0.444000 5.000000 0.666000 (0.000000,0.000000) 0.222000 0.000000 0.000000 0.000000 0.000000 1.000000 0.000000 0.222000 0.000000 0.000000 1.000000 0.333000
offset=(-30.000000,-5.000000)
startPause=0.000000
animParam=0.222000 30.000000 0.333000 0.444000 5.000000 0.333000 (0.000000,0.000000) 0.222000 0.000000 0.000000 0.000000 0.000000 1.000000 0.000000 0.222000 0.000000 0.000000 1.000000 1.000000
offset=(0.000000,0.000000)
startPause=0.000000
animParam=0.000000 0.000000 0.000000 0.000000 0.000000 0.000000 (0.000000,0.000000) 0.000000 0.000000 0.000000 0.000000 0.000000 1.000000 0.000000 0.000000 0.000000 0.000000 1.000000 0.000000
offset=(0.000000,0.000000)
startPause=0.000000
animParam=0.000000 0.000000 0.000000 0.000000 0.000000 0.000000 (0.000000,0.000000) 0.000000 0.000000 0.000000 0.000000 0.000000 1.000000 0.000000 0.000000 0.000000 0.000000 1.000000 0.000000
offset=(0.000000,0.000000)
startPause=0.000000
animParam=0.000000 0.000000 0.000000 0.000000 0.000000 0.000000 (0.000000,0.000000) 0.000000 0.000000 0.000000 0.000000 0.000000 1.000000 0.000000 0.000000 0.000000 0.000000 1.000000 0.000000
offset=(0.000000,0.000000)
startPause=0.000000
animParam=0.000000 0.000000 0.000000 0.000000 0.000000 0.000000 (0.000000,0.000000) 0.000000 0.000000 0.000000 0.000000 0.000000 1.000000 0.000000 0.000000 0.000000 0.000000 1.000000 0.000000