id=33560
type=0,randStartPhase=0
forceZeroStart=0
numSounds=1
soundParam=1514:0.208333 4.000000 0.200000 -1.000000 -1.000000 0
numSprites=8
numSlots=0
offset=(0.000000,0.000000)
startPause=0.000000
animParam=0.000000 0.000000 0.000000 0.000000 0.000000 0.000000 (0.000000,0.000000) 0.000000 0.000000 0.000000 0.000000 0.000000 1.000000 0.000000 0.000000 0.000000 0.000000 1.000000 0.000000
offset=(0.000000,40.000000)
startPause=0.000000
animParam=0.000000 0.000000 0.000000 2.000000 40.000000 0.000000 (-2.000000,-1.000000) 2.000000 0.000000 0.000000 0.000000 0.000000 1.000000 0.000000 2.000000 0.000000 0.000000 1.000000 0.000000
offset=(0.000000,40.000000)
startPause=0.000000
animParam=0.000000 0.000000 0.000000 2.000000 40.000000 0.333000 (-2.000000,-1.000000) 2.000000 0.000000 0.000000 0.000000 0.000000 1.000000 0.000000 2.000000 0.000000 0.000000 0.750000 0.333000
offset=(0.000000,40.000000)
startPause=0.000000
animParam=0.000000 0.000000 0.000000 2.000000 40.000000 0.666000 (-2.000000,-1.000000) 2.000000 0.000000 0.000000 0.000000 0.000000 1.000000 0.000000 2.000000 0.000000 0.000000 0.750000 0.666000
offset=(0.000000,40.000000)
startPause=0.000000
animParam=0.000000 0.000000 0.000000 2.000000 40.000000 0.500000 (-2.000000,-1.000000) 2.000000 0.000000 0.000000 0.000000 0.000000 1.000000 0.000000 2.000000 0.000000 0.000000 0.750000 0.500000
offset=(0.000000,40.000000)
startPause=0.000000
animParam=0.000000 0.000000 0.000000 2.000000 40.000000 0.833000 (-2.000000,-1.000000) 2.000000 0.000000 0.000000 0.000000 0.000000 1.000000 0.000000 2.000000 0.000000 0.000000 1.000000 0.833000
offset=(0.000000,40.000000)
startPause=0.000000
animParam=0.000000 0.000000 0.000000 2.000000 40.000000 0.166000 (-2.000000,-1.000000) 2.000000 0.000000 0.000000 0.000000 0.000000 1.000000 0.000000 2.000000 0.000000 0.000000 0.750000 0.166000
offset=(0.000000,0.000000)
startPause=0.000000
animParam=0.000000 0.000000 0.000000 0.000000 0.000000 0.000000 (0.000000,0.000000) 0.000000 0.000000 0.000000 0.000000 0.000000 1.000000 0.000000 0.000000 0.000000 0.000000 1.000000 0.000000