id=33972
type=0,randStartPhase=0
forceZeroStart=1
numSounds=0
numSprites=10
numSlots=0
offset=(0.000000,0.000000)
startPause=0.000000
animParam=0.000000 0.000000 0.000000 0.000000 0.000000 0.000000 (0.000000,0.000000) 0.000000 0.000000 0.000000 0.000000 0.000000 0.200000 100.000000 5.000000 0.500000 1.000000 0.000000 0.151000
offset=(0.000000,0.000000)
startPause=0.000000
animParam=0.000000 0.000000 0.000000 0.000000 0.000000 0.000000 (0.000000,0.000000) 0.000000 0.000000 0.000000 0.000000 0.000000 0.400000 100.000000 2.500000 0.500000 1.000000 0.000000 0.051000
offset=(0.000000,0.000000)
startPause=0.000000
animParam=0.000000 0.000000 0.000000 0.000000 0.000000 0.000000 (0.000000,0.000000) 0.000000 0.000000 0.000000 0.000000 0.000000 0.600000 100.000000 1.666000 0.500000 1.000000 0.000000 0.951000
offset=(0.000000,0.000000)
startPause=0.000000
animParam=0.000000 0.000000 0.000000 0.000000 0.000000 0.000000 (0.000000,0.000000) 0.000000 0.000000 0.000000 0.000000 0.000000 0.800000 100.000000 1.250000 0.500000 1.000000 0.000000 0.851000
offset=(0.000000,0.000000)
startPause=0.000000
animParam=0.000000 0.000000 0.000000 0.000000 0.000000 0.000000 (0.000000,0.000000) 0.000000 0.000000 0.000000 0.000000 0.000000 1.000000 100.000000 1.000000 1.000000 1.000000 0.000000 0.751000
offset=(0.000000,0.000000)
startPause=0.600000
animParam=0.000000 0.000000 0.000000 0.000000 0.000000 0.000000 (0.000000,0.000000) 0.000000 0.000000 0.000000 0.000000 0.000000 1.200000 100.000000 0.833000 0.500000 0.000000 1.000000 0.651000
offset=(0.000000,0.000000)
startPause=0.800000
animParam=0.000000 0.000000 0.000000 0.000000 0.000000 0.000000 (0.000000,0.000000) 0.000000 0.000000 0.000000 0.000000 0.000000 1.400000 100.000000 0.714000 0.500000 0.000000 1.000000 0.551000
offset=(0.000000,0.000000)
startPause=1.000000
animParam=0.000000 0.000000 0.000000 0.000000 0.000000 0.000000 (0.000000,0.000000) 0.000000 0.000000 0.000000 0.000000 0.000000 1.600000 100.000000 0.625000 0.500000 0.000000 1.000000 0.451000
offset=(0.000000,0.000000)
startPause=1.200000
animParam=0.000000 0.000000 0.000000 0.000000 0.000000 0.000000 (0.000000,0.000000) 0.000000 0.000000 0.000000 0.000000 0.000000 1.800000 100.000000 0.555000 0.500000 0.000000 1.000000 0.351000
offset=(0.000000,0.000000)
startPause=1.400000
animParam=0.000000 0.000000 0.000000 0.000000 0.000000 0.000000 (0.000000,0.000000) 0.000000 0.000000 0.000000 0.000000 0.000000 2.000000 100.000000 0.500000 1.000000 0.000000 1.000000 0.251000