id=33971
type=1,randStartPhase=0
forceZeroStart=0
numSounds=0
numSprites=10
numSlots=0
offset=(0.000000,0.000000)
startPause=0.000000
animParam=0.000000 0.000000 0.000000 0.000000 0.000000 0.000000 (0.000000,0.000000) 0.000000 0.000000 0.000000 0.000000 0.000000 0.250000 100.000000 4.000000 1.000000 1.000000 0.000000 0.151000
offset=(0.000000,0.000000)
startPause=0.000000
animParam=0.000000 0.000000 0.000000 0.000000 0.000000 0.000000 (0.000000,0.000000) 0.000000 0.000000 0.000000 0.000000 0.000000 0.400000 100.000000 1.900000 1.000000 1.000000 0.000000 0.051000
offset=(0.000000,0.000000)
startPause=0.000000
animParam=0.000000 0.000000 0.000000 0.000000 0.000000 0.000000 (0.000000,0.000000) 0.000000 0.000000 0.000000 0.000000 0.000000 0.600000 100.000000 1.750000 1.000000 1.000000 0.000000 0.950000
offset=(0.000000,0.000000)
startPause=0.000000
animParam=0.000000 0.000000 0.000000 0.000000 0.000000 0.000000 (0.000000,0.000000) 0.000000 0.000000 0.000000 0.000000 0.000000 0.800000 100.000000 1.700000 1.000000 1.000000 0.000000 0.851000
offset=(0.000000,0.000000)
startPause=0.000000
animParam=0.000000 0.000000 0.000000 0.000000 0.000000 0.000000 (0.000000,0.000000) 0.000000 0.000000 0.000000 0.000000 0.000000 1.000000 100.000000 1.499000 1.000000 1.000000 0.000000 0.751000
offset=(0.000000,0.000000)
startPause=0.400000
animParam=0.000000 0.000000 0.000000 0.000000 0.000000 0.000000 (0.000000,0.000000) 0.000000 0.000000 0.000000 0.000000 0.000000 1.000000 100.000000 0.600000 1.000000 0.000000 1.000000 0.651000
offset=(0.000000,0.000000)
startPause=0.400000
animParam=0.000000 0.000000 0.000000 0.000000 0.000000 0.000000 (0.000000,0.000000) 0.000000 0.000000 0.000000 0.000000 0.000000 1.400000 100.000000 0.575000 1.000000 0.000000 1.000000 0.551000
offset=(0.000000,0.000000)
startPause=0.400000
animParam=0.000000 0.000000 0.000000 0.000000 0.000000 0.000000 (0.000000,0.000000) 0.000000 0.000000 0.000000 0.000000 0.000000 1.600000 100.000000 0.550000 1.000000 0.000000 1.000000 0.451000
offset=(0.000000,0.000000)
startPause=0.400000
animParam=0.000000 0.000000 0.000000 0.000000 0.000000 0.000000 (0.000000,0.000000) 0.000000 0.000000 0.000000 0.000000 0.000000 1.800000 100.000000 0.525000 1.000000 0.000000 1.000000 0.351000
offset=(0.000000,0.000000)
startPause=0.400000
animParam=0.000000 0.000000 0.000000 0.000000 0.000000 0.000000 (0.000000,0.000000) 0.000000 0.000000 0.000000 0.000000 0.000000 2.000000 100.000000 0.500000 1.000000 0.000000 1.000000 0.251000