id=36
type=0,randStartPhase=0
forceZeroStart=0
numSounds=0
numSprites=2
numSlots=0
offset=(0.000000,0.000000)
startPause=0.000000
animParam=0.000000 0.000000 0.000000 0.000000 0.000000 0.000000 (2.000000,-29.000000) 0.000000 0.000000 0.030000 0.010000 0.458000 1.000000 0.000000 0.000000 0.000000 0.000000 1.000000 0.000000
offset=(0.000000,0.000000)
startPause=0.000000
animParam=0.000000 0.000000 0.000000 0.000000 0.000000 0.000000 (2.000000,-29.000000) 0.000000 0.000000 0.030000 0.010000 0.458333 1.000000 0.000000 0.000000 0.000000 0.000000 1.000000 0.000000